Matrix_Multiplication
Name : A2
99 99 99 99 99 99 99 99 99 99 99 99 99 99 99 99 99 99 99 99 99 99 99 99 99 99 99 99 99 99 ;
99 99 99 99 99 99 99 99 99 99 99 99 99 99 99 99 99 99 99 99 99 99 99 99 99 99 99 99 99 99 ;
99 99 99 99 99 99 99 99 99 99 99 99 99 99 99 99 99 99 99 99 99 99 99 99 99 99 99 99 99 99 ;
99 99 99 99 99 99 99 99 99 99 99 99 99 99 99 99 99 99 99 99 99 99 99 99 99 99 99 99 99 99 ;
99 99 99 99 99 99 99 99 99 99 99 99 99 99 99 99 99 99 99 99 99 99 99 99 99 99 99 99 99 99 ;
99 99 99 99 99 99 99 99 99 99 99 99 99 99 99 99 99 99 99 99 99 99 99 99 99 99 99 99 99 99 ;
99 99 99 99 99 99 99 99 99 99 99 99 99 99 99 99 99 99 99 99 99 99 99 99 99 99 99 99 99 99 ;
99 99 99 99 99 99 99 99 99 99 99 99 99 99 99 99 99 99 99 99 99 99 99 99 99 99 99 99 99 99 ;
99 99 99 99 99 99 99 99 99 99 99 99 99 99 99 99 99 99 99 99 99 99 99 99 99 99 99 99 99 99 ;
99 99 99 99 99 99 99 99 99 99 99 99 99 99 99 99 99 99 99 99 99 99 99 99 99 99 99 99 99 99 ;
Name : B2
99 99 99 99 99 99 99 99 99 99 ;
99 99 99 99 99 99 99 99 99 99 ;
99 99 99 99 99 99 99 99 99 99 ;
99 99 99 99 99 99 99 99 99 99 ;
99 99 99 99 99 99 99 99 99 99 ;
99 99 99 99 99 99 99 99 99 99 ;
99 99 99 99 99 99 99 99 99 99 ;
99 99 99 99 99 99 99 99 99 99 ;
99 99 99 99 99 99 99 99 99 99 ;
99 99 99 99 99 99 99 99 99 99 ;
99 99 99 99 99 99 99 99 99 99 ;
99 99 99 99 99 99 99 99 99 99 ;
99 99 99 99 99 99 99 99 99 99 ;
99 99 99 99 99 99 99 99 99 99 ;
99 99 99 99 99 99 99 99 99 99 ;
99 99 99 99 99 99 99 99 99 99 ;
99 99 99 99 99 99 99 99 99 99 ;
99 99 99 99 99 99 99 99 99 99 ;
99 99 99 99 99 99 99 99 99 99 ;
99 99 99 99 99 99 99 99 99 99 ;
99 99 99 99 99 99 99 99 99 99 ;
99 99 99 99 99 99 99 99 99 99 ;
99 99 99 99 99 99 99 99 99 99 ;
99 99 99 99 99 99 99 99 99 99 ;
99 99 99 99 99 99 99 99 99 99 ;
99 99 99 99 99 99 99 99 99 99 ;
99 99 99 99 99 99 99 99 99 99 ;
99 99 99 99 99 99 99 99 99 99 ;
99 99 99 99 99 99 99 99 99 99 ;
99 99 99 99 99 99 99 99 99 99 ;
End_Matrix_Multiplication